Version 0.9.7
5
 4 10 175 77 128 0 1
 5 80 400 206 81 2 2
 0 248 202 877 276 8 3
 3 511 73 203 58 140 4
 1 384 510 206 81 151 5
 0
38
 255 5 71 189 71 189 71 142 301 142 301 216 301 216 0 1 0 3
 255 5 314 216 314 150 184 150 184 463 314 463 314 463 0 3 0 3
 0 5 71 288 71 288 71 449 301 449 301 450 301 450 0 1 0 3
 0 5 522 110 522 110 136 110 136 438 327 438 327 450 0 4 0 3
 0 5 399 579 399 579 314 579 314 579 314 450 314 450 0 5 0 3
 255 5 399 521 399 521 399 463 399 463 327 463 327 463 0 5 0 3
 255 5 392 216 392 216 392 216 392 268 392 268 392 268 0 3 0 3
 255 5 522 268 522 268 522 268 522 216 522 216 522 216 0 3 0 3
 255 5 652 268 652 268 652 268 652 216 652 216 652 216 0 3 0 3
 0 5 470 411 470 411 470 411 470 411 470 450 470 450 0 3 0 3
 0 5 600 411 600 411 600 411 600 450 600 450 600 450 0 3 0 3
 0 5 730 411 730 411 730 411 730 450 730 450 730 450 0 3 0 3
 16744448 5 440 521 440 502 389 502 389 411 392 411 392 411 0 5 0 3
 16777088 5 405 372 405 372 405 367 522 367 522 372 522 372 0 3 0 3
 16744448 5 459 521 459 494 416 494 416 411 418 411 418 411 0 5 0 3
 16777088 5 431 385 431 385 431 379 561 379 561 385 561 385 0 3 0 3
 16744448 5 652 411 652 411 650 411 650 486 478 486 478 521 0 3 0 5
 16744448 5 665 411 665 411 665 528 459 528 459 534 459 534 0 3 0 5
 16744448 5 782 411 782 411 782 542 459 542 459 547 459 547 0 3 0 5
 16744448 5 795 411 795 411 795 521 795 521 497 521 497 521 0 3 0 5
 0 5 860 411 860 411 860 411 860 450 860 450 860 450 0 3 0 3
 8453888 5 678 411 678 411 678 404 574 404 574 385 574 385 0 3 0 3
 8453888 5 587 385 587 385 587 391 444 391 444 385 444 385 0 3 0 3
 16777088 5 457 385 457 385 535 385 535 385 535 372 535 372 0 3 0 3
 8453888 5 548 372 548 372 548 300 405 300 405 307 405 307 0 3 0 3
 16777088 5 418 307 418 307 418 289 795 289 795 307 795 307 0 3 0 3
 12615935 5 808 411 808 425 421 425 421 307 431 307 431 307 0 3 0 3
 16777088 5 444 307 444 307 444 346 691 346 691 372 691 372 0 3 0 3
 16744448 5 704 307 712 307 712 537 478 537 478 534 478 534 0 3 0 5
 16744448 5 717 307 713 307 713 553 478 553 478 547 478 547 0 3 0 5
 8453888 5 730 307 730 307 730 313 457 313 457 307 457 307 0 3 0 3
 16777088 5 470 307 470 307 704 307 704 307 704 372 704 372 0 3 0 3
 8453888 5 717 372 717 372 717 372 912 372 912 372 912 372 0 3 0 3
 16777088 5 925 372 925 372 925 301 808 301 808 307 808 307 0 3 0 3
 0 5 990 411 990 411 990 411 990 450 990 450 990 450 0 3 0 3
 16744448 5 821 307 821 307 821 117 821 117 697 117 697 117 0 3 0 4
 255 5 782 268 782 268 782 268 782 216 782 216 782 216 0 3 0 3
 255 5 912 268 912 268 912 268 912 216 912 216 912 216 0 3 0 3
5
 7004 1 14 386 320 5 0 8583492 0 3
 7008 1 14 516 320 5 0 8583492 0 3
 7032 1 14 776 320 5 0 8583492 0 3
 7008 1 14 646 320 5 0 8583492 0 3
 7004 1 14 906 320 5 0 8583492 0 3
