Version 0.9.7
5
 4 10 175 77 128 0 1
 5 72 408 206 81 2 2
 0 215 124 877 276 8 3
 1 355 435 206 81 140 4
 3 550 23 203 58 150 5
 0
23
 255 5 71 189 71 189 71 117 268 117 268 138 268 138 0 1 0 3
 255 5 281 138 281 127 138 127 138 385 268 385 268 385 0 3 0 3
 255 5 370 446 370 446 370 422 282 422 282 385 281 385 0 4 0 3
 0 5 268 372 268 372 268 359 71 359 71 288 71 288 0 3 0 1
 0 5 561 60 561 60 294 60 294 60 294 372 294 372 0 5 0 3
 0 5 281 372 281 378 222 378 222 504 370 504 370 504 0 3 0 4
 255 5 359 190 359 190 359 190 359 138 359 138 359 138 0 3 0 3
 255 5 489 190 489 190 489 190 489 138 489 138 489 138 0 3 0 3
 255 5 619 190 619 190 619 190 619 138 619 138 619 138 0 3 0 3
 0 5 437 333 437 333 437 333 437 372 437 372 437 372 0 3 0 3
 0 5 567 333 567 333 567 333 567 372 567 372 567 372 0 3 0 3
 0 5 697 333 697 333 697 333 697 372 697 372 697 372 0 3 0 3
 16744448 5 359 333 359 347 406 347 406 446 411 446 411 446 0 3 0 4
 16744448 5 619 333 619 333 619 401 430 401 430 446 430 446 0 3 0 4
 16777088 5 372 294 372 294 372 289 489 289 489 294 489 294 0 3 0 3
 16744448 5 449 446 449 430 501 430 501 333 502 333 502 333 0 4 0 3
 16744448 5 528 333 528 333 528 452 411 452 411 459 411 459 0 3 0 4
 16744448 5 468 446 468 415 420 415 420 341 385 341 385 333 0 4 0 3
 8453888 5 515 294 515 294 515 287 632 287 632 294 632 294 0 3 0 3
 12615935 5 645 294 645 294 645 294 658 294 658 294 658 294 0 3 0 3
 16777088 5 398 333 398 333 398 327 541 327 541 333 541 333 0 3 0 3
 8453888 5 554 333 554 333 671 333 671 333 671 294 671 294 0 3 0 3
 16744448 5 736 67 736 67 736 289 684 289 684 294 684 294 0 5 0 3
3
 7004 1 14 353 242 5 0 8583492 0 3
 7008 1 14 483 242 5 0 8583492 0 3
 7032 1 14 613 242 5 0 8583492 0 3
