Version 0.9.7
5
 4 10 175 77 128 0 1
 5 100 400 206 81 2 2
 0 206 194 877 276 8 3
 6 694 15 449 130 140 4
 1 286 30 206 81 220 9
 0
20
 255 5 71 189 71 189 259 189 259 189 259 208 259 208 0 1 0 3
 255 5 71 202 71 202 71 199 206 199 206 442 259 442 0 1 0 3
 255 5 301 41 301 41 298 41 298 41 298 208 298 208 0 9 0 3
 255 5 710 42 710 42 532 42 532 42 532 208 532 208 0 4 0 3
 255 5 584 208 584 208 584 208 584 260 584 260 584 260 0 3 0 3
 12632256 5 71 249 71 249 259 249 259 249 259 221 259 221 0 1 0 3
 12632256 5 71 262 71 262 190 262 190 455 259 455 259 455 0 1 0 3
 12632256 5 675 455 675 455 675 455 675 403 675 403 675 403 0 3 0 3
 16711808 5 675 260 675 260 675 229 887 229 887 138 887 138 0 3 0 4
 16711808 5 662 260 662 260 662 172 874 172 874 138 874 138 0 3 0 4
 16711808 5 649 260 649 260 649 163 861 163 861 138 861 138 0 3 0 4
 16711808 5 636 260 636 260 636 154 848 154 848 138 848 138 0 3 0 4
 16711808 5 623 260 623 260 623 215 835 215 835 138 835 138 0 3 0 4
 16711808 5 610 260 610 260 610 205 913 205 913 138 913 138 0 3 0 4
 16711808 5 597 260 597 260 597 198 900 198 900 138 900 138 0 3 0 4
 12632256 5 301 99 301 99 324 99 324 99 324 221 324 221 0 9 0 3
 8454143 5 475 41 475 41 518 41 518 389 662 389 662 364 0 9 0 3
 8454143 5 456 41 456 41 456 364 456 364 584 364 584 364 0 9 0 3
 8454143 5 437 41 437 41 437 377 437 377 597 377 597 377 0 9 0 3
 8454143 5 418 41 418 41 418 403 418 403 649 403 649 403 0 9 0 3
1
 7047 1 16 578 312 5 0 8583492 0 3
